104871
122907
124186
128853
117260
118123
73434
80614
108588
106837
114349
109650
96145
124684
125042
125015
120648
97285
109291
78369
124474
124006
109164
100572
70096
125992
121621
71631
115840
96228
101817
114002
127683
101880
122422
130181
124722
114313
124703
127817
95162
110667
84920
118484
130693
111987
116069
95984
91872
106219
104214
99783
90326
115237
114681
90237
114242
114391
101258
115078
120764
109625
111711
92791
112730
114731
110821
112221
109400
104665
119154
118311
118180
112910
122695
109272
103593
111540
109586
98505
104526
129295
107095
118322
121216
110344
118499
98021
86623
97372
118066
87419
75345
118646
121925
107945
68829
115783
118845
108403
102439
121946
98948
125402
109238
112710
113464
98684
94546
123882
112015
110182
97060
105304
119433
119013
115928
129478
122541
115333