967
1.05
1.06
1.17
1.15
1.10
1.09
1.13
1.10
1.03
1.04
1.04
1.07
1.11
1.06
1.09
1.16
1.10
1.08
1.13
1.08
1.05
1.15
1.13
1.09
1.10
1.13
1.07
1.11
1.17
1.12
1.14
1.13
1.08
1.02
1.04
1.06
1.05
1.10
1.07
1.17
1.06
1.11
1.07
1.07
1.03
1.09
1.08
1.11
1.14
1.03
1.13
1.09
1.09
1.08
1.15
1.10
1.09
1.07
1.02
1.14
1.05
1.11
1.10
1.11
1.07
1.09
1.08
1.11
1.11
1.14
1.01
1.08
1.05
1.05
1.09
1.09
1.13
1.08
1.07
1.09
1.11
1.09
1.07
1.05
1.16
1.08
1.09
1.08
1.10
1.15
1.05
1.09
1.10
1.16
1.11
1.08
1.04
1.07
1.06
1.07
1.13
1.15
1.10
1.02
1.09
1.10
1.13
1.09
1.09
1.11
1.17
1.05
1.13
1.13
1.11
1.07
1.06
1.13
1.02