116790
122557
108939
121349
117784
110212
122302
132581
127967
129588
133794
131406
131023
127686
135271
126113
130225
127372
130944
134223
142801
134102
135721
125061
106854
136079
126801
131858
132297
137686
132751
138828
133430
133882
133257
129448
134889
135258
130506
131909
136146
135548
132879
142445
135411
131483
140742
137390
139463
137348
134544
131207
137996
136057
138608
131615
134465
133910
139241
136930
132543
134569
138061
126206
133908
136356
136610
131241
134607
134581
127401
134609
128677
138646
133166
141038
134596
131812
137677
135777
130857
130452
132592
134839
134686
141702
135421
138352
130843
132030
140310
126798
134107
133362
133883
130422
136395
140426
134823
134959
131614
128725
132806
135692
137499
129070
133097
137631
141559
139673
131576
132901
137377
139597
131109
132758
132674
142071
137236