108982
122222
105552
100011
99356
109547
97234
74708
114938
113982
124344
119795
91814
127947
92676
126042
109236
120823
118298
101101
126598
122369
109704
81741
68134
125936
98823
107257
116656
120010
101308
106957
103038
100939
124145
123066
126820
114325
129186
72656
74173
116927
101281
108580
128785
93445
116054
115298
128725
125516
128079
110666
129081
120016
103251
101542
79014
93461
99530
117151
108679
105329
74880
129860
94058
120180
44148
114644
120286
93105
91812
113368
100340
115322
115991
44744
107361
131246
90694
97227
126558
118459
103779
117420
72949
121512
124107
120871
113968
120850
89017
119590
59710
120907
93906
100350
131494
98758
115102
94688
109528
129985
84312
91925
89488
107777
101726
102901
128722
119075
57335
128632
123890
116274
114451
82317
51448
129824
99789
48815