767
937
1.01
895
934
946
1.00
1.09
1.09
1.02
1.08
1.09
1.06
898
1.05
1.06
1.07
869
815
948
940
1.11
1.15
1.07
1.01
1.04
1.03
867
875
916
578
981
853
856
1.11
972
1.03
810
1.09
969
1.06
1.01
1.10
1.10
1.09
1.08
1.08
1.07
1.10
1.03
1.05
1.07
1.10
1.08
890
802
1.11
934
1.05
960
929
839
919
864
885
1.05
1.03
1.07
1.09
1.03
1.04
1.06
1.05
1.07
632
932
1.07
1.02
972
990
846
898
731
1.06
1.06
900
783
844
1.04
940
977
767
1.03
940
1.04
1.07
841
1.08
1.04
872
1.05
1.02
983
1.02
1.06
1.06
857
927
838
983
1.02
1.03
921
885
751
1.02
1.04
856
1.06
928