43520
43484
43371
46360
44065
46464
48077
52147
47302
45656
47714
50157
44282
49177
41984
47183
45608
49803
48533
47081
47100
48762
43667
47754
47733
49271
47104
47360
46092
46604
46953
44731
49160
46908
44087
46027
47481
45766
46810
44239
46157
47159
46208
44533
49747
45018
48880
49230
45343
48547
47409
44606
49025
48189
48979
47967
50322
44855
50263
50935
49001
48696
47834
48443
49383
43797
44750
54006
50973
48795
44655
46637
45391
49004
43450
48828
45919
47687
46168
48121
45341
47289
44929
44533
49839
48234
45750
49387
50460
45968
45883
46876
45659
43499
47793
48285
48253
45772
45264
45315
44879
50423
46682
48326
49840
42655
49754
51118
46836
50612
47465
49972
43524
48909
48439
49479
43455
45156
50408
45841