33499
36075
38195
36406
37932
36082
35872
37075
39030
35743
35881
36702
36701
41398
38494
36385
36348
37538
37535
35180
37430
36199
38322
40690
38639
34916
39661
37534
36176
36155
36005
37097
34966
37234
36401
33994
37224
37095
35356
36603
35862
37603
35588
38553
37746
39107
35364
36710
36885
37280
38809
39222
39369
37898
37616
33367
34943
35110
37010
35203
37873
36752
36970
37037
40215
40163
35757
37669
34963
36753
39153
38263
34036
37168
36306
39744
35054
35746
37376
35624
35208
37732
38380
37763
37051
35022
36073
37512
36220
37735
35876
35586
35725
38583
36765
34699
35294
36722
38111
37421
36538
36475
37575
37027
35764
37721
36407
36332
35032
37030
36283
36007
37455
37999
37771
36889
36484
38385
38455
38547