380
399
413
457
381
378
400
396
414
423
413
405
431
443
393
487
467
475
448
501
409
345
305
322
315
344
328
348
314
357
347
279
189
171
273
283
235
255
277
318
327
330
316
333
373
340
288
304
308
305
330
313
332
360
362
366
271
265
314
335
358
348
359
345
355
292
297
360
335
303
300
302
310
318
283
311
315
302
323
271
339
392
336
354
306
348
344
362
346
350
338
338
351
319
382
355
355
361
306
351
381
415
380
379
275
257
244
326
256
306
352
349
374
326
307
245
231
252
333
358
309
270
271
351
309
344
361
296
394
354
317
249
259
269
319
344
350
260
323
354
336
360
345
327
331
257
293
339
331
326
368
335
311
326
345
343
343
353
336
349
356
359
374
369
391
334
356
387
342
380
370
314
332
301
326
325
330
338
356
337
