49570
44185
58521
49773
46528
39520
44672
41943
37658
53364
50126
43320
49728
47193
43076
41514
44638
45319
42430
39351
43912
47887
41569
47131
47942
43238
46600
45833
43051
36313
48587
51278
51001
46352
48714
50314
44506
43940
45410
44894
42560
41739
42067
45814
45707
44078
44272
47696
41733
42542
42359
45787
47183
45780
43406
42768
47817
45357
45335
49561
42416
46448
48194
49216
44515
43388
37791
33848
44396
39501
42026
40134
39293
41414
44353
43601
44699
45406
45825
42147
43676
42381
41952
42123
40591
43465
45919
45848
48515
49873
52784
46581
43391
41742
43130
39795
44918
39394
36583
35569
44236
39537
38109
42338
43354
38472
36809
42979
44734
50325
41556
39119
38433
41934
43756
44277
46647
41157
44428
45475