28646
33175
36770
37720
37171
36117
36636
35878
37133
34849
36838
37220
36839
37453
36286
37056
39267
36528
37524
36651
37537
37977
38169
35915
39478
37770
36378
35747
37421
36160
37624
37738
37310
39375
37677
38243
35184
36018
36049
37789
36256
38686
38573
38334
37782
37670
37426
35668
36443
36952
38942
37727
37611
39318
40095
37116
37460
37360
40020
36163
37545
37454
37108
37056
38354
36768
36411
37460
38679
38577
36073
37494
37016
36279
36339
39200
36636
38974
36210
37023
36887
36043
35982
35917
36378
37064
38526
35552
36708
36392
37662
33987
32776
30441
34791
36020
37778
37932
38601
37180
38136
36920
39139
37420
36040
35475
35893
36312
37961
36982
36775
35753
37571
36758
36153
36585
37192
38264
36740
37344