35101
37028
35796
36262
35956
35678
34140
35422
307840
34480
37222
38988
39336
36792
39481
37205
38963
36948
38044
36706
38940
36642
38299
37805
37467
36474
36388
37961
37966
38065
39347
39527
38899
38951
37861
36553
39981
37491
38093
38173
36577
36260
40048
35071
37740
37547
36912
39606
37531
39793
36076
39821
40011
37051
38792
36238
39437
39237
39558
40263
38243
38612
38188
36844
37203
36281
41215
37982
38336
38127
39410
38578
37034
37498
36862
37590
37719
36563
38598
37699
37423
37382
38665
36811
38482
39111
39028
35774
37262
37579
35831
38181
37761
37371
39138
37349
39568
35661
36674
40972
37246
39811
38710
36998
38513
35400
38614
39199
36606
37037
39027
38859
38279
38556
36891
39454
37509
36411
36662
37611
38904
38359
37770
36595
38987
37840
38899
37519
37658