49118
46979
49758
49455
52765
47972
51299
52626
52173
49604
51515
49213
51892
52053
51629
47700
48264
48459
45524
53541
44395
46478
49804
44461
50188
45611
47065
51675
50874
50433
49881
42930
51577
53938
49115
48610
49513
48874
49465
44408
47147
50385
52534
44898
44875
49024
47475
48032
51980
46446
46871
43272
45034
44414
48664
45535
47264
43442
50485
47104
42544
52512
45136
46568
48675
49295
48306
53070
48335
51221
49311
44374
43597
52233
47759
50421
46337
47988
50237
49481
50575
42947
49969
47389
46763
50087
47902
44437
56001
52715
51415
46560
49737
49725
49627
53030
50407
41838
46475
47591
49573
49307
55222
56261
50304
45970
52486
47905
49955
48450
46867
47127
49854
46784
53651
48645
48948
52377
49449
50347