38015
41117
49111
47443
46192
47859
36719
43654
50554
49511
44961
49737
49106
45380
47690
49208
49253
46873
50564
47699
44147
50241
46895
47538
50656
45416
42077
46632
46663
46807
46402
47624
45427
46032
45692
45514
46806
44207
43628
45447
49480
46685
44373
47022
48732
47433
45123
42126
44827
48904
46451
46021
47888
45284
49254
46212
48693
45245
47517
45621
46944
49558
47487
41804
43934
47227
46605
46226
45991
48672
45071
48499
46464
46208
43136
47920
48030
49607
47491
48486
48170
48351
42493
48138
48626
43726
45405
46496
44085
48819
47252
48744
46744
52165
41845
44377
48805
46176
50152
46412
43005
45072
47524
46412
46729
48428
42253
43213
43654
48875
49666
44654
45536
47132
48918
42680
45174
45541
42118
48386