32938
37550
35672
36737
36483
37119
38774
38391
36465
35422
37109
37580
39171
37673
38475
38816
36571
39850
40070
38079
35602
36952
38733
35527
35794
35302
38958
38680
37019
38840
35029
35904
38076
37956
35944
36001
37058
37698
35203
36840
37351
37248
35884
36483
36777
37097
39077
36553
36328
37656
38902
36375
36304
35948
34581
37338
35700
37197
36023
37615
36343
36459
36657
37231
38089
38020
36864
36445
37874
36017
36103
37056
35375
38883
36082
38334
36531
37241
36710
38085
37990
37815
35410
36151
36125
35799
36678
35944
38057
38351
35729
35405
39579
37531
37157
35942
35443
37059
38813
37612
35335
36699
37224
38888
38054
39039
40361
36758
37706
36263
37907
37633
39137
39125
38087
36456
38239
37592
35388
37290