23017
25943
40774
40803
39423
38421
40617
41367
40039
40079
39398
42441
37077
37903
39171
36831
39332
39170
37127
37436
38037
40272
37155
36342
38965
39139
39267
42456
41367
41433
38599
38246
41921
38628
39192
39220
40984
38271
37852
38335
39339
39632
41615
38696
38405
39015
40321
38697
38511
43300
36917
40943
40429
43059
40347
37678
39151
40450
35089
38611
39841
41787
41096
41976
41824
36491
41668
38794
39801
40185
42988
41168
37892
40119
40055
44025
42665
40832
38882
38781
38742
39852
38701
40873
39132
38885
40110
36456
39905
40016
39047
39771
40597
40254
36148
42668
40822
40082
42546
41070
41832
40538
38547
40329
36819
39915
40818
37492
38179
39766
40064
39636
40301
40919
38098
40415
37739
37931
37998
40112