46400
48294
49206
50054
49448
49823
46116
46467
46408
52498
48840
48302
44785
46047
48796
48444
48805
48512
38811
41616
48393
44657
47253
46532
54766
47490
46584
50407
50093
40210
39228
41784
41910
44789
44677
42339
45214
42363
45370
42287
44333
50249
51912
47593
41532
46942
49168
46150
46264
50141
49273
46270
42269
43535
40014
44369
40491
42898
45744
45241
43409
43013
46975
48882
49571
48351
52149
49407
42702
44089
44629
50360
51269
46558
45155
46172
47578
50732
49691
41506
49404
49256
45779
49159
47855
48633
43949
42352
45391
44767
42665
46820
50586
46538
43618
43016
47383
44571
48593
47772
52597
43180
45784
45520
47363
54014
48815
49250
50681
52679
49391
48908
50572
51528
53680
42864
52532
51010
48761
49282