53754
64896
66688
67200
59046
60972
65408
66048
66688
63872
65536
69888
66816
68736
68489
63872
63744
65536
63616
71168
61145
66642
66368
61152
71040
59648
63360
65920
67200
61184
65152
65920
64000
70400
69947
64128
66688
66816
75617
70528
63232
61568
62976
74240
63104
64000
68864
65280
68480
66432
65152
68736
61568
65024
68736
63232
65024
63104
66176
61162
61243
58209
62962
65588
63095
63637
64000
69469
60703
66604
69635
58656
73344
59776
62464
63488
66432
69376
67840
62976
67355
68224
64512
77696
68352
60672
65280
68864
67200
63872
71424
64128
67072
66688
68096
63872
68480
69376
65536
64324
61056
73770
62060
59505
63889
60903
68096
66296
70784
58257
62968
65408
70528
64384
65408
64975
71168
70722
61793
66816