47187
68955
66304
66560
77312
65280
59340
62848
65152
66048
67584
64384
68352
62976
64768
62848
62592
64640
62848
64512
70400
71168
65280
73600
65152
68480
61386
68831
66176
67584
59665
57316
62883
69504
61706
64907
70762
65377
62918
58931
57023
57497
58549
59573
64640
71936
65839
68261
64979
67169
64358
65673
66560
73597
64128
66944
68992
59264
65280
69888
63872
75264
67328
71680
64256
61020
57641
61293
59400
68647
64112
59392
67679
68167
62976
70656
64128
68327
58863
60359
54608
53006
57087
50086
56314
51944
58775
61325
59024
58272
57140
56980
50844
53722
53970
59574
48986
54939
51807
52260
52935
55909
52998
51075
54466
56408
52975
58093
59353
66613
62848
70656
65792
62592
70272
62097
69248
65452
64768
71936