63232
61470
69665
69312
67712
69120
69440
70336
66176
68269
67784
62682
55958
59163
65536
61100
60884
60032
65152
65242
65627
63562
63872
71872
74048
70529
63038
65216
70400
68160
69376
66432
67584
69440
64640
70271
68224
65984
66240
69056
68224
67200
69312
68544
69184
70336
64128
72448
62016
64684
64504
59685
61752
59776
61734
60582
62388
61815
61321
64384
61056
62906
64325
63552
66560
64832
71040
65281
67199
67328
65089
67007
67264
66880
61888
65728
70528
67620
64887
63645
64204
60832
61857
66269
59869
63434
66142
65284
64263
66689
71304
67651
69632
66816
65608
65503
63064
51195
52419
51130
54699
59728
64558
62620
65928
66874
62962
55584
56212
60228
57869
63863
64473
62175
60172
62798
59886
63215
65984
63769