887
1.04
1.07
1.02
840
972
1.05
831
1.06
983
961
834
984
1.02
1.05
962
1.03
902
855
1.06
989
891
1.07
1.06
1.03
1.00
949
796
1.06
1.09
1.02
1.04
1.02
1.03
1.06
1.04
1.02
1.04
1.20
1.06
851
1.03
959
999
1.01
1.00
1.07
1.06
1.02
1.04
986
1.03
1.03
1.03
909
859
1.01
1.08
1.08
1.04
1.03
902
1.06
999
1.01
1.02
935
999
1.02
1.04
953
895
984
840
792
871
1.02
922
928
714
997
1.08
1.08
900
1.10
895
840
899
1.05
805
1.03
991
996
1.02
882
1.03
1.10
993
1.02
733
982
1.05
983
1.02
969
1.02
1.03
833
979
925
993
1.03
1.02
1.01
880
1.07
973
990
1.03
1.06