946
860
832
1.03
1.06
934
1.09
1.07
1.00
1.01
1.06
876
1.01
1.01
998
1.09
1.05
1.11
916
1.08
1.03
711
982
1.05
1.04
1.08
1.08
1.04
1.06
1.05
855
797
993
969
956
1.07
1.08
1.02
1.06
1.03
991
1.02
996
990
974
1.06
1.07
1.05
924
1.02
865
1.03
1.04
1.04
1.14
1.05
1.03
1.07
1.08
1.07
1.07
1.13
1.06
1.03
1.09
1.10
1.05
1.04
1.06
1.07
1.04
1.08
989
1.09
994
994
987
1.04
1.06
1.12
1.06
1.06
1.09
972
1.00
933
935
1.04
984
1.08
991
935
1.06
1.03
1.06
1.06
1.07
868
1.07
1.12
1.10
1.03
986
1.05
1.09
1.10
959
1.08
994
874
1.03
1.03
934
970
1.03
1.04
1.04
1.07
1.07
1.08