115522
123440
127870
131430
128715
98193
99533
99397
127396
109336
101386
119041
78807
130772
129834
113126
116114
99160
143045
122350
125952
112251
83515
105859
122350
121904
95185
87325
111950
124802
121872
112233
113037
128471
113356
102015
116744
129260
111793
81944
93406
71600
66071
70484
86285
94336
93564
84685
101617
91210
80930
87385
76741
84381
85494
90247
83670
79115
89827
93151
93419
95869
94078
84845
78741
102908
94496
90651
96549
114793
119224
104991
103393
114693
114849
101609
84422
75340
75526
75490
67364
73535
82884
81901
84917
87092
103895
106793
77561
85022
116092
106052
75292
96722
78100
67977
88069
76594
74839
83582
68854
73459
74371
69310
77905
85395
88654
87562
86143
71154
84653
80001
78444
72136
85971
87462
87403
76101
83845
87759