63398
60241
56664
60762
57559
62250
64110
61644
61339
61878
59779
59207
61753
64984
61738
66501
60731
61952
69189
70528
68544
67136
70144
69504
69376
67136
63040
71360
60288
64066
66942
61888
64384
64448
67200
66048
63104
67328
66368
65088
61313
63296
62656
65728
63360
67522
61695
62848
61439
65024
66946
66814
67394
66239
67840
71232
67200
65792
69120
61376
67073
61760
65664
69312
68928
68992
68032
63232
66880
65984
67712
66560
68160
64384
66048
68800
67840
63999
66177
65216
64960
66431
68288
67072
73600
68735
73985
62720
66816
67008
67712
69376
69568
63395
62675
61494
64021
67456
65408
68026
64453
65784
63814
61891
66687
68866
66303
66624
70976
69184
66112
68928
65536
71360
62784
66944
65472
69888
63808
64384
