62421
65195
64699
64512
69701
66816
65216
67712
70776
70536
67453
71491
65595
69252
68352
68151
63817
67584
70784
71360
71826
69487
70462
67394
69438
65024
68288
66688
69696
68992
65536
68800
69888
67520
67584
71360
71232
67264
67392
68546
61354
64869
65873
63134
64128
61138
67328
63791
64337
65326
64556
63640
63586
66778
61996
65409
61185
63148
63654
64128
66560
63872
66688
65594
64518
65408
69248
67008
69249
67456
67133
67525
66431
70016
69761
66815
61696
65578
68566
63489
67369
64259
66515
64128
65792
60801
59966
71425
71103
70527
65034
65232
62516
66035
69914
64549
66985
67159
63399
63642
69440
71552
66006
69355
72961
69438
71552
65984
63424
67456
67584
64704
65152
66688
69696
66112
68224
65664
69504
64640
