32522
38273
34697
35319
33580
37125
36035
36987
37566
35159
34258
34974
35583
38718
38712
37264
35701
37351
34970
36216
36208
36701
36073
35717
36997
34595
36903
37646
35030
35471
36140
36875
36349
35677
35613
35447
34760
33869
34496
34033
34477
35097
35447
34849
37889
34179
35175
35270
36432
38154
37272
36448
33996
32766
35117
35844
38783
37846
34419
35077
38551
39053
38621
37990
36901
37284
38830
38711
36935
35701
36707
35516
35632
36034
36964
35941
38474
34558
35996
33305
37090
36046
34758
34065
36357
38174
38015
37490
36323
35875
34250
34088
36778
36850
36001
34458
35143
35475
35976
33827
34028
35999
38868
37674
35885
36535
36981
35308
36793
37589
36359
35463
36402
35726
35353
34391
36608
38752
35892
39040