33041
38126
38190
37196
39578
40851
38849
37147
39927
38881
38103
33160
34032
37571
36855
36479
34715
37044
38277
34650
36247
38711
37636
39700
34023
36605
39668
39419
35312
36151
37024
37873
36392
37804
36717
38158
38125
35135
37537
35093
38880
35614
35678
37670
37820
35781
34153
33490
36710
38610
37098
35370
37801
37742
38202
36497
37473
38102
36962
36411
35787
37942
34067
36166
35932
37492
37858
38636
39942
39462
37722
39070
37702
37220
39997
39496
40492
42618
40933
42123
41797
39291
39732
36926
38880
39699
40504
38523
39580
38168
38378
39106
38014
38657
38456
38690
35952
39491
40398
39383
37765
39069
39342
39772
40756
36641
41339
40545
39841
37490
39777
37712
38048
37034
39068
39067
38157
40662
37999
38313