36410
37048
34708
32728
31846
29826
33736
36142
37391
38582
28925
39516
34899
37139
32210
35491
37131
38365
39357
34480
37330
41409
38844
36794
38093
39527
37701
31891
39270
37143
36978
34762
38964
37165
32421
34928
36849
39366
37246
39707
38844
34341
39033
39278
39322
36829
40345
38397
38769
38567
36358
38069
41040
36281
40352
38554
38768
38740
32398
37000
38444
38205
36334
39809
38317
36607
36596
39168
38998
38822
37706
37923
38898
38339
38265
36770
37880
41371
38644
37280
39334
40210
38538
37183
37398
37446
36117
36980
39448
38694
37612
31982
30850
28525
26511
26384
25501
24773
27520
29857
25604
25118
29408
26443
26843
30857
24141
24715
30216
25365
26508
25706
30900
29697
27232
27852
28367
27623
32320
36760