56672
57469
44007
49166
41687
43012
42566
43989
43514
44341
46949
43981
38779
44772
49758
47317
45039
44633
43823
41402
38552
40446
43525
42330
40964
46713
47836
39396
40341
44106
42867
40398
42225
45339
42260
39769
43276
39767
43000
43324
45020
45359
42664
42833
38628
40469
44403
43035
44316
39083
43077
45844
49284
46635
43937
44445
40624
46255
49158
45533
36402
35690
40427
40036
43575
37053
41310
41815
39973
39140
42336
41210
45271
44918
43947
44523
48568
48136
41804
35161
39447
39653
40234
44440
44053
42387
39717
42108
39924
42249
42698
42085
44052
36484
41261
41292
44018
44484
44629
43725
37307
40147
44754
44161
43777
44346
43771
44161
46857
46765
44871
44239
43293
45686
42821
44075
49368
48773
51023
47748