37877
32030
22479
22226
21963
24083
24499
20744
22384
24217
23161
25929
23639
22673
24496
23925
23547
24366
27056
27573
23601
19906
23854
25445
25286
26765
24924
26975
27655
29950
26093
25623
26410
27276
27482
26597
27738
27755
26890
26173
27443
28321
25910
26366
26692
26562
26639
26963
26091
26622
26348
27915
26924
27221
25687
27099
27615
28109
25682
26778
26423
22269
20584
22409
21296
26245
21778
25061
27523
30699
31995
29644
30550
30708
32224
30374
32868
30462
31470
30465
24866
23928
24108
24618
25928
26193
23872
26016
24392
26490
25160
24756
24656
26603
26375
24960
24613
27108
26252
26840
25940
25052
26103
26733
26214
25204
27099
27028
27752
27489
25727
26875
24304
25815
25827
26828
24244
26091
27436
28505