38757
41562
40470
43242
41678
37323
40921
37032
39683
40215
38171
37024
35127
36638
37986
37851
39249
39735
39736
37150
39331
40827
39977
41005
40632
37935
37681
39770
39502
36133
38590
38290
39778
39716
38887
35944
36073
37076
38335
38857
39239
38213
37430
37780
37033
38017
38164
38596
36462
38531
40245
43100
41548
40743
40369
37849
37409
39186
38047
37219
34748
38552
40085
40769
39782
40678
37160
39236
41805
37442
39257
39532
39132
39435
36965
38375
39342
38915
38454
40333
39348
41950
40233
39218
42482
40823
42725
42744
42234
41635
40599
42399
41794
40936
43013
37747
37398
39866
38902
40169
40835
39925
40863
41757
39802
40898
40832
42926
40215
37825
40859
38977
37718
39043
39626
41377
39562
40335
40454
38116
