922
967
1.02
995
1.04
1.07
1.08
1.04
1.04
1.04
981
1.02
969
986
1.02
1.06
1.06
980
973
1.06
1.05
961
1.04
1.05
994
988
1.08
1.07
1.10
1.08
1.04
1.10
1.08
1.08
1.13
1.12
1.06
1.08
1.11
1.14
1.09
1.16
1.12
1.14
1.02
1.10
1.10
1.07
1.02
1.04
1.09
1.06
1.13
1.12
1.10
1.06
1.13
1.17
1.03
1.01
1.05
1.04
1.07
1.09
1.07
1.15
1.07
1.11
1.02
996
1.07
1.09
1.08
1.07
1.06
1.09
1.11
1.03
1.16
1.07
1.05
1.06
1.05
1.01
1.08
1.07
1.05
1.09
1.07
1.07
1.11
1.10
1.07
1.09
1.03
1.02
1.07
1.02
1.09
1.12
1.13
1.02
1.03
1.08
1.04
1.04
1.06
1.09
1.13
1.07
1.10
1.07
1.12
1.13
1.08
1.06
1.06
1.12
1.18
1.03