110803
126572
136016
133950
138866
136571
136920
135946
139273
129291
130415
132161
130394
136964
140059
130593
139170
137006
135428
137363
137682
132990
129886
131677
133978
138729
147256
144774
138659
140316
128812
134107
137443
137421
135792
138385
135601
142262
132314
139420
144665
128586
132648
133450
137770
136779
137430
130973
138015
129110
128289
137732
135561
124952
129965
133329
134316
137874
141603
143532
131921
132753
136433
134105
124178
133906
128926
135174
140769
132962
137289
132415
141501
138799
133718
141752
138418
142098
123759
139772
139917
128937
137887
141584
133218
136181
138223
140590
141291
139006
135209
134584
135684
129552
136505
138074
135284
133039
129938
130627
128643
135693
134465
133952
130757
133726
127491
144618
134780
132670
134678
127233
132324
135583
144097
132666
141569
133763
145131
143130