36483
44126
46313
40902
40364
38845
39793
40753
38276
37449
39291
39438
40523
40506
39776
34911
38395
39919
40365
41314
37206
39185
41671
41457
36493
39120
39017
38899
41874
36959
38298
37744
36288
37073
39647
40944
38123
41991
40839
40936
40808
42637
41569
43372
40607
38153
38804
38787
36948
38388
39145
38461
36795
32276
36459
39046
39125
39683
40573
38284
41615
40137
39198
41482
41358
41445
40914
42406
37977
38634
40629
38471
39618
39912
39788
41617
37902
38249
39644
40149
38320
40729
41103
37974
39033
39862
40115
39893
39236
39186
38915
39244
36107
37824
38323
37507
37988
38114
38818
40277
42562
43171
42973
42341
42184
40312
41900
45349
42600
39689
41530
41367
41004
39932
38965
37781
37552
38526
37760
36215