24506
30574
30663
34026
35473
35809
34874
36795
35996
35976
36300
35368
36387
34980
35610
35413
36835
35551
37248
36469
36626
34956
33011
34073
33811
35433
33271
34395
35543
36322
32425
35442
36270
34729
34798
32559
35065
36218
32245
34470
33828
33902
35396
34193
35234
35167
37190
37457
36920
36962
35190
38716
37687
35643
32497
33649
34958
35265
34494
35448
37243
33753
36487
35570
35180
34254
35665
31685
33515
34571
35585
36416
36284
36725
36823
37055
36511
37331
39860
40950
41995
41317
36867
36632
36535
38116
40299
40169
39651
37119
38318
35910
35908
36303
37871
36457
34499
36932
38311
39369
38215
37049
39171
38054
40955
37003
37224
37252
35924
37384
36270
40469
36809
35002
38088
36015
38049
38077
35955
39159