34841
35912
36168
37100
36938
40134
39389
39380
40123
37249
40760
40795
36331
39536
38846
39551
39737
36805
39818
39066
39465
38967
39678
39563
39814
38953
41309
40439
41292
39771
39634
39542
39049
38122
38669
39187
35617
38007
38208
40934
39574
41076
36597
38556
37498
38421
38708
36921
39659
39349
35329
39298
38661
39366
39290
36368
39387
41623
40244
37999
39133
38547
40117
38732
39130
39039
37037
38819
39324
37995
37992
40775
40250
39445
37987
38837
37922
42812
39171
36191
39592
42604
38094
40325
39663
39213
40275
38158
39411
40333
40607
38061
38028
40958
40432
40523
42513
39021
38078
42770
38856
38496
39319
37797
38639
38104
40111
37476
38517
38452
41385
39494
40625
38472
41279
37945
39711
39741
37658
36497