14442
19865
18210
19050
20447
17495
18715
20002
18456
18216
18841
18670
18198
19151
19702
17571
20288
18212
20911
19273
20385
18923
18456
17520
21284
19011
17021
19523
19709
17855
19660
18781
20808
20642
19213
18658
21622
19296
19774
18491
19079
19622
20760
20549
19712
20944
21983
19497
19626
20476
18521
19566
18890
19620
19787
19900
18741
19123
17586
17716
19582
19682
18805
19042
19023
18159
19069
21355
20207
21283
19753
19789
21026
18796
18391
18215
19134
18348
18965
19706
18752
18974
19664
20862
20112
19290
19508
19636
19992
18977
18906
20213
17711
18938
19835
20952
19134
18999
17982
19605
19900
19062
18272
19349
19147
19540
18396
18789
19337
21915
19630
19075
17862
19194
18162
17848
18666
18802
18415
20692
19856
20119
19352
20280
18514
19228
20214
18960
18158
17863
19146
18400
18873
19504
18398
18615
18783
19388
19568
19233
18106
20901
19962
20518
18370
18726
18479
21030
19643
19974
17707
20187
19970
17874
17364
19081
19040
19684
19629
19221
17656
19803
18973
19281
19079
20786
19255
19668
19201
19659
20765
18159
19508
18749
18770
18845
20272
19463
19667
21554
21004
20204
17973
19826
19433
20397
17397
19262
20767
19515
19925
19597
19520
19288
18309
19397
19144
20644
19882
18813
18537
20757
19009
19600
19054
20179
19029
19382
20394
20985
17750
18773
18503
20773
19018
19715
20912
19403
17752
18874
18601
18981
18624
20298
20449
18380
20749
19279
19028
18694
18299
18335
18603
19483
18867
18759
18953
18523
16595
18844