49.5
58.3
66.5
61.0
62.1
60.8
67.0
64.6
64.0
64.2
57.2
62.7
65.6
64.9
61.1
57.3
62.8
65.2
60.0
67.9
65.8
67.1
66.0
61.7
64.0
68.9
59.9
66.4
65.9
53.6
61.8
64.9
59.3
63.2
62.4
60.6
61.1
63.4
66.0
58.1
53.3
48.9
51.0
47.6
44.3
47.6
50.7
47.8
47.5
45.5
47.2
46.7
50.7
49.9
55.4
57.4
56.5
60.9
53.3
55.9
62.6
63.7
63.4
63.1
56.6
57.8
54.9
56.5
58.9
58.8
64.4
60.5
57.2
53.3
58.3
64.4
58.2
62.5
64.0
55.7
61.5
56.0
53.4
50.5
48.3
55.6
64.3
50.6
51.9
51.3
57.6
60.5
56.6
52.6
66.5
58.7
51.7
69.4
60.6
61.6
58.0
55.2
68.9
67.0
59.3
64.1
59.6
66.2
71.7
60.8
59.5
56.1
63.6
67.5
62.6
56.8
53.5
63.2
61.4
61.4