51708
69188
57987
55151
63962
57363
57227
49431
51042
57292
59521
53035
57598
46180
49525
52900
54482
60868
54819
58017
57260
57436
55487
59975
56316
63371
57864
58084
59076
59072
74085
57004
60721
60665
68096
71341
56768
57798
56686
63343
60383
57213
55373
59123
59855
59438
55708
65954
53847
58206
66344
63241
54205
63616
66407
66636
70528
71936
63571
68096
67326
66176
67328
70206
67584
64423
65408
73097
63344
72064
62464
64592
64256
68992
65152
67840
68608
64512
73632
61679
66816
72448
76544
69504
67200
65152
65024
69376
71680
62145
67723
71552
66688
60757
62283
64000
66048
65024
65280
71168
63232
64856
57525
61069
63360
67097
62849
59560
62720
69632
56335
70612
61558
69248
65855
68608
64049
67840
68992
64128