34567
40672
38515
38709
35808
38187
36602
34607
35653
35684
38545
35871
36054
37270
35921
36748
39109
39420
38342
38187
38017
39802
40008
41759
42854
40438
42374
42918
39380
40503
35110
35911
34987
37614
36796
36335
39838
40342
36860
36578
36962
37052
36203
35116
37638
38677
36905
37109
36644
39876
39050
38249
36767
37088
37512
39724
38529
39574
38379
40459
40107
39960
38790
39884
36572
38026
38342
38649
39988
40671
36822
36508
35003
37372
37071
37179
38043
37541
37736
38433
38037
38652
38940
36369
38735
38028
39210
37845
37644
37843
38127
37588
38476
39864
39641
40538
38228
38826
39085
37746
37711
39224
40888
38332
38594
38939
37062
38210
38189
37877
38815
39361
40089
36887
37440
36629
37766
38535
38687
40926