120970
131516
122968
121637
132157
124216
119399
133258
136166
138740
134194
126719
135296
124894
123963
131939
128302
131961
131134
130461
120107
132898
124339
120692
125209
128081
129917
126823
135052
129716
134382
134336
130907
129392
140016
132138
128657
130474
133734
133738
135405
144909
124853
127981
124356
127240
125304
137204
131509
134972
140031
146285
130190
134028
142732
129056
130239
128437
131836
125044
126531
119303
133165
120120
124187
124677
130252
126511
135614
130890
123513
132299
127447
127077
129483
131862
136698
123235
127621
133954
135292
138736
138650
125048
135307
135408
130205
126163
127853
129640
133751
123261
128565
138099
127175
133630
140104
137482
138119
131418
131381
133275
138665
141449
133443
137381
135199
126060
122092
130863
124916
128259
137803
130328
133678
135685
124931
126391
128894
128701