117964
127122
125439
125909
121501
130323
129602
126045
126805
131455
131410
127805
135923
123728
123418
128678
133038
131446
135168
134919
130232
130808
132565
124347
128329
134246
136544
126351
131200
136925
138724
124914
136335
128790
131573
130998
130743
128037
127252
129239
129981
133804
135893
134780
131402
133611
138239
135763
130964
131037
129624
121528
129168
129730
130471
122602
125337
127111
135075
132030
134554
130924
126417
122232
126140
128657
131903
138000
131930
133566
134297
125177
126686
132903
129374
133140
138510
132494
128576
134746
134185
130627
130494
133936
129842
133048
133420
129721
140275
139042
101026
127638
125311
123294
128233
132116
125248
133880
134257
138787
136597
131418
128774
133121
125173
131725
135831
133939
133731
136578
135078
133256
128806
134371
129241
129237
128941
130132
129249
126402