49377
60631
60262
66241
64384
66792
59470
66386
55203
58751
61224
56489
55726
58302
55304
48870
53559
61660
52831
46738
48529
48370
52742
52696
54307
48663
55338
48486
52737
44284
45692
45462
47323
38816
46137
46130
47030
49696
46679
46434
46000
52402
56795
51007
58637
46226
52496
52731
55828
55312
50937
58145
51053
54409
57696
58662
61836
69361
61694
64768
74518
59904
68608
61438
64434
63744
67584
58624
67952
61696
68992
66816
62720
65657
65152
65792
62464
66840
73799
65920
67072
60672
62336
61696
66816
64768
58368
71296
72320
61952
67840
72704
61625
68868
58879
67840
60868
60499
53668
57029
53305
61770
55822
57778
55260
53798
60313
63073
58995
58279
68109
60482
67200
66688
65152
67233
65920
65024
62464
63232

