51545
69376
57123
62436
51160
46342
43345
46180
48882
47792
44591
35763
42808
43635
38724
39471
44614
40917
45583
41064
45010
52432
48998
47373
50462
53840
57974
59170
64582
66487
58955
55660
53746
62640
57763
57618
66723
64232
59255
57315
50063
52614
55727
60512
57057
55992
57768
64831
62283
58379
54307
63480
57488
58283
61762
61568
65563
64749
60288
62925
58054
58783
64137
62894
62053
58545
62059
66089
62438
57114
58491
55575
67895
66291
69274
58504
63606
64076
67072
65664
65792
70016
47100
46874
44903
53964
52853
54344
51321
55880
56902
52855
55873
50827
58764
63780
60815
71552
61824
60803
64512
68864
63360
64768
66560
65645
62204
66432
64384
65536
62080
70656
66304
65875
67584
62720
65127
66724
63744
67712

