47299
45642
45378
48878
49500
46257
50721
43618
47871
46117
46026
48387
47180
48578
48300
50072
46255
44239
46214
49887
47773
48373
45713
50666
45358
45898
45569
44918
44895
47042
43550
50386
51118
47699
49859
48159
44336
48301
49659
50244
46715
47299
51375
45407
49140
48320
47958
47793
48121
43895
47339
48015
48782
48281
49927
51791
46141
44891
45916
47297
52611
47972
47781
43842
48835
49193
46767
48033
49618
50126
45710
49957
47209
49394
54101
51174
50408
49194
48805
47670
45251
47121
48346
49636
49868
46441
45236
48145
48486
50026
49567
46941
46548
48361
49939
47132
51673
48033
50161
50373
47276
46747
48098
45955
47634
47433
45178
48940
46426
50672
49236
46764
42697
44152
49692
49848
52431
47192
50452
43393