114999
109819
131540
118304
144531
130139
106648
131836
130633
136655
132325
127828
131966
118974
123361
131952
129855
121888
128028
130621
134685
132073
137343
133355
141823
129782
131905
133999
133977
124678
129534
128604
144236
137614
139022
136738
138318
133997
133991
124623
136188
131169
117482
139795
135378
115355
130023
130070
136159
135907
120468
106872
138043
147079
136167
140365
128007
130662
125432
129975
129663
133702
129123
130985
122727
122446
130904
128347
124349
112682
128093
127766
126697
139076
131207
119035
134772
131763
136180
139342
128505
134861
133364
127940
139903
120846
134171
131469
131490
113195
128020
115371
114467
134893
99022
113901
129394
129487
130974
123074
123104
134791
136288
111449
125335
107933
130603
113483
127445
128173
126754
131440
115880
128743
127097
122422
119342
117585
136907
132424