33201
36911
36827
38689
35423
37794
39384
36618
37593
36100
37286
35899
37450
38421
36444
39279
37291
36986
37376
37070
38314
37360
40223
36913
37938
39007
36339
36953
36887
34260
34311
35028
34655
32276
31023
33554
37952
25347
35780
40213
39561
32662
33731
34181
35069
34261
34334
34198
37213
38431
36008
37236
39303
38123
34380
37983
38224
36324
39831
38608
38404
39271
36067
38675
38482
37700
41270
37876
37491
34712
38314
37014
38693
35530
37307
39670
39138
41648
37371
37568
38100
37151
36356
37393
36479
36869
37919
37989
36192
37002
36560
40024
38873
37522
37214
39065
35110
38026
37693
35608
37373
35474
37201
36550
40913
35351
36318
38069
38726
37907
36775
35936
38825
36167
36419
38132
37505
36496
34683
30752