34038
41580
38744
36619
37647
39247
37126
33005
17022
21836
34988
30754
29286
28600
22706
25334
23414
21595
20122
18130
21427
22629
23464
23372
20332
27420
21972
22550
28209
27805
28153
27582
28803
30789
30794
28640
22548
25790
31033
26857
26570
15300
13120
11653
11655
14416
16013
13315
11061
12061
13336
13457
11894
13040
14559
15095
12863
14988
16088
16629
16445
14900
16679
15512
11945
16062
13647
13997
20784
23721
21102
20693
19542
26298
25739
25830
27891
24611
30469
33047
34904
34977
33990
35334
33981
35396
37207
32170
32096
34100
36513
36744
34923
34595
33954
38042
34400
34583
34213
38275
35089
35565
35642
35400
33526
34763
29261
29609
30006
32039
30211
27166
23442
27649
28711
27277
28322
26748
24410
20983