34544
43002
43519
38148
37082
37267
37046
38877
37644
39281
38764
37049
34612
36888
35944
38144
38118
39243
40945
37177
39022
38748
41001
37762
39535
38446
37260
37662
39065
37716
37948
40867
38858
37362
39746
39209
38582
38737
40368
39098
38398
39098
38080
38197
41993
40643
40639
39700
37479
39870
37676
37315
39913
36228
35587
37135
35352
36925
38140
38635
38115
39522
39447
38540
38199
37351
38782
38935
38414
41322
38421
37813
37047
41237
41208
39625
37988
38613
40505
36664
37211
36258
36385
38052
35703
37851
32187
38371
40766
38026
37626
36223
37970
36912
38375
38376
38412
36820
38261
38297
37904
35429
37454
37197
36279
35543
37502
37067
36361
36628
36435
38775
36898
38091
38984
37706
38496
39420
38802
37908