28290
33512
36815
37987
36074
38201
35995
36750
36044
37679
38971
36310
36992
37956
41317
37343
38520
38817
36944
35225
39177
36411
36356
36973
35669
36801
40713
37934
37193
34797
35778
35333
36211
38659
37573
36047
38249
37522
35699
36112
36291
35566
37597
38242
39030
35134
38448
34683
37401
36044
38990
35224
38240
36682
39276
34602
37709
40456
36595
37983
37493
37724
35286
37396
34452
36241
34811
36310
36063
38389
35611
35971
32995
32744
32268
30153
28523
35442
36874
33587
31907
34942
35765
27908
34989
33850
35725
28492
28494
28174
31300
33343
33745
29310
32610
34500
36818
32517
36569
38108
36935
36363
34257
36930
37815
37522
37477
37536
35865
37387
36354
36248
37278
36107
38942
35807
36199
35301
35744
37860