891
1.07
782
1.04
1.01
816
834
1.03
925
971
934
969
1.03
1.01
1.05
893
952
1.08
1.00
1.03
1.02
1.04
1.03
1.06
977
903
882
976
1.00
1.01
1.04
1.07
919
910
709
925
1.06
916
1.00
1.05
994
907
993
1.04
1.01
567
836
986
887
1.05
1.06
983
1.10
1.12
965
982
941
1.11
738
1.02
996
955
914
1.04
1.07
990
1.01
994
1.02
932
858
1.02
686
1.04
1.02
1.07
1.08
945
1.03
1.05
1.04
957
879
1.03
736
1.01
974
997
907
848
897
1.02
1.04
1.03
924
907
829
911
1.10
1.01
983
969
1.00
948
839
1.05
1.05
980
960
837
996
890
978
920
1.01
967
931
1.02
904
900