113284
126065
130350
131604
136430
134079
139296
133579
134725
130237
133978
134254
130963
130384
131793
134279
137294
131612
129977
139979
135949
134624
134741
135561
134869
135829
140565
133531
137187
132706
131264
136379
137214
134074
133598
139878
137062
130048
129514
138729
131253
131088
134360
137922
144200
130051
134055
136432
136616
132971
130709
136580
144385
126955
132811
140186
134777
130763
132327
143637
139678
130391
132741
138857
137993
129071
128373
133169
140642
134863
130914
122220
125239
125554
126706
131949
130288
123552
131690
119708
127593
125329
128176
124314
137789
127474
135265
131549
127369
132440
135930
132885
133169
134339
142002
132325
122605
124831
120839
129629
126142
133152
130538
126102
136226
124773
134199
129306
139417
133370
131830
131378
130290
125253
123786
127286
127297
114418
117102
125828
127078
131410
135068
134685
133899
129812
136385
133508
135715
136044
131166
128740
122936
134110
118095
111395
127276
130261
115315
121460
129739
129591
124869
126716
130191
131407
134361
131827
128832
135715
132904
137810
134219
134374
128507
137529
138297
126755
131586
130180
140549
139929
139456
137878
131477
133278
137024
131318
127935
138496
132872
134224
135264
130847
132182
123409
131337
128905
140173
