977
1.05
1.12
1.12
1.09
1.06
1.13
1.08
1.09
1.09
1.07
1.07
1.11
1.10
1.13
1.14
1.03
1.08
1.09
1.08
1.07
1.09
1.04
920
826
944
835
928
745
799
766
946
835
666
697
726
718
747
710
722
784
813
774
828
981
975
926
835
821
771
893
1.00
992
883
939
978
906
865
1.01
1.02
919
999
950
1.04
1.09
1.01
1.03
1.09
1.03
1.10
1.08
1.11
1.10
869
987
863
969
998
1.02
1.10
1.01
1.03
988
1.01
1.05
1.05
1.07
1.01
956
1.01
977
1.00
1.07
1.12
1.11
1.02
1.11
1.03
1.11
1.04
1.04
1.08
1.08
1.06
1.10
1.04
1.08
1.08
1.09
1.06
1.11
1.09
1.08
1.02
1.08
1.07
1.06
1.08
1.03
780
976
843
868
758
890
906
897
945
938
833
858
976
1.02
1.07
1.09
1.02
1.09
1.06
1.05
1.03
962
977
937
898
1.03
928
991
844
827
1.05
977
995
968
907
921
841
860
982
1.02
1.09
1.03
1.04
1.06
1.03
997
1.05
1.03
1.09
1.06
971
944
1.02
1.03
1.08
1.00
903
969
935
1.03
1.01

